```py
from csdl_om import Simulator
import numpy as np
from csdl import Model
import csdl


class ExampleReorderMatrixSparse(Model):
    def define(self):

        shape2 = (5, 4)
        b = np.arange(20).reshape(shape2)
        mat = self.declare_variable('b', val=b)

        self.register_output(
            'einsum_reorder1_sparse_derivs',
            csdl.einsum_new_api(mat,
                                operation=[(46, 99), (99, 46)],
                                partial_format='sparse'))


sim = Simulator(ExampleReorderMatrixSparse())
sim.run()

print('b', sim['b'].shape)
print(sim['b'])
print('einsum_reorder1_sparse_derivs',
      sim['einsum_reorder1_sparse_derivs'].shape)
print(sim['einsum_reorder1_sparse_derivs'])
```


```b (5, 4)
[[ 0.  1.  2.  3.]
 [ 4.  5.  6.  7.]
 [ 8.  9. 10. 11.]
 [12. 13. 14. 15.]
 [16. 17. 18. 19.]]
einsum_reorder1_sparse_derivs (4, 5)
[[ 0.  4.  8. 12. 16.]
 [ 1.  5.  9. 13. 17.]
 [ 2.  6. 10. 14. 18.]
 [ 3.  7. 11. 15. 19.]]
```
